R 33 F -1 1 10 0
R 40 F -1 1 10 0
R 2 F -1 1 10 0
W 16 F -1 1 10 0
R 6 F -1 1 10 0
R 36 F -1 1 10 0
R 0 F -1 1 10 0
R 38 F -1 1 10 0
R 44 F -1 1 10 0
R 97 F -1 1 10 0
R 14 F -1 1 10 0
R 16 H -1 1 0 0
R 0 F -1 1 10 0
R 9 F -1 1 10 0
W 44 H -1 1 0 0
R 12 F -1 1 10 0
R 64 F -1 1 10 0
W 27 F -1 1 10 0
R 58 F -1 1 10 0
R 61 F -1 1 10 0
W 14 H -1 1 0 0
R 48 F -1 1 10 0
R 4 F -1 1 10 0
R 1 F 1 1 10 20
W 18 F 18 1 10 20
R 66 F 66 1 10 20
R 33 H -1 1 0 0
W 72 F 72 1 10 20
W 57 F 57 1 10 20
R 61 H -1 1 0 0
R 66 H -1 1 0 0
W 5 F 5 1 10 20
R 25 F 25 1 10 20
R 28 F 28 1 10 20
R 19 F 19 1 10 20
R 2 F 2 1 10 20
R 30 F 30 1 10 20
R 3 F 3 1 10 20
R 84 F 84 1 10 20
R 0 F 0 1 10 20
R 9 F 9 1 10 20
R 0 H -1 1 0 0
R 73 F 73 1 10 20
R 26 F 26 1 10 20
R 3 H -1 1 0 0
R 5 F 5 1 10 20
R 72 H -1 1 0 0
R 37 F 37 1 10 20
R 18 H -1 1 0 0
R 48 F 48 1 10 20
R 32 F 32 1 10 20
R 69 F 69 1 10 20
W 86 F 86 1 10 20
R 79 F 79 1 10 20
R 64 F 64 1 10 20
R 61 F 61 1 10 20
R 22 F 22 1 10 20
R 4 F 4 1 10 20
W 66 F 66 1 10 20
R 57 H -1 1 0 0
R 88 F 88 1 10 20
R 2 F 2 1 10 20
R 20 F 20 1 10 20
R 29 F 29 1 10 20
R 47 F 47 1 10 20
R 1 F 1 1 10 20
R 15 F 15 1 10 20
R 52 F 52 1 10 20
R 26 F 26 1 10 20
R 27 H -1 1 0 0
R 62 F 62 1 10 20
R 86 H -1 1 0 0
R 13 F 13 1 10 20
W 75 F 75 1 10 20
R 68 F 68 1 10 20
R 43 F 43 1 10 20
R 51 F 51 1 10 20
R 64 F 64 1 10 20
R 44 F 44 1 10 20
W 32 F 32 1 10 20
R 28 F 28 1 10 20
R 41 F 41 1 10 20
R 17 F 17 1 10 20
W 24 F 24 1 10 20
R 33 F 33 1 10 20
R 36 F 36 1 10 20
R 51 F 51 1 10 20
W 63 F 63 1 10 20
W 85 F 85 1 10 20
R 34 F 34 1 10 20
R 51 H -1 1 0 0
R 5 H -1 1 0 0
R 24 H -1 1 0 0
R 33 H -1 1 0 0
R 24 H -1 1 0 0
R 31 F 31 1 10 20
R 27 H -1 1 0 0
W 0 F 0 1 10 20
W 35 F 35 1 10 20
R 2 F 2 1 10 20
R 40 F 40 1 10 20
R 7 F 7 1 10 20
R 34 F 34 1 10 20
R 45 F 45 1 10 20
R 20 F 20 1 10 20
R 76 F 76 1 10 20
R 42 F 42 1 10 20
R 62 F 62 1 10 20
R 92 F 92 1 10 20
W 38 F 38 1 10 20
R 63 H -1 1 0 0
W 26 F 26 1 10 20
W 87 F 87 1 10 20
R 6 F 6 1 10 20
W 10 F 10 1 10 20
W 31 F 31 1 10 20
R 76 F 76 1 10 20
W 16 H -1 1 0 0
R 16 H -1 1 0 0
W 0 H -1 1 0 0
R 20 F 20 1 10 20
W 60 F 60 1 10 20
R 39 F 39 1 10 20
R 35 H -1 1 0 0
R 65 F 65 1 10 20
R 7 F 7 1 10 20
R 27 H -1 1 0 0
R 10 H -1 1 0 0
R 8 F 8 1 10 20
R 13 F 13 1 10 20
R 65 F 65 1 10 20
R 34 F 34 1 10 20
R 6 F 6 1 10 20
R 19 F 19 1 10 20
W 0 H -1 1 0 0
R 17 F 17 1 10 20
R 49 F 49 1 10 20
R 34 F 34 1 10 20
R 71 F 71 1 10 20
R 66 H -1 1 0 0
R 46 F 46 1 10 20
R 24 H -1 1 0 0
W 82 F 82 1 10 20
R 4 F 4 1 10 20
R 23 F 23 1 10 20
R 12 F 12 1 10 20
R 18 H -1 1 0 0
R 2 F 2 1 10 20
R 65 F 65 1 10 20
W 98 F 98 1 10 20
R 16 H -1 1 0 0
R 68 F 68 1 10 20
R 26 F 26 1 10 20
W 43 F 43 1 10 20
R 32 H -1 1 0 0
W 10 H -1 1 0 0
R 41 F 41 1 10 20
R 23 F 23 1 10 20
W 55 F 55 1 10 20
R 59 F 59 1 10 20
R 11 F 11 1 10 20
R 35 H -1 1 0 0
R 5 F 5 1 10 20
R 43 H -1 1 0 0
W 11 F 11 1 10 20
R 59 F 59 1 10 20
R 60 H -1 1 0 0
R 7 F 7 1 10 20
R 8 F 8 1 10 20
R 36 F 36 1 10 20
R 39 F 39 1 10 20
W 21 F 21 1 10 20
R 37 F 37 1 10 20
W 75 H -1 1 0 0
R 12 F 12 1 10 20
R 32 H -1 1 0 0
W 59 F 59 1 10 20
R 41 F 41 1 10 20
R 53 F 53 1 10 20
R 78 F 78 1 10 20
W 7 F 7 1 10 20
R 22 F 22 1 10 20
R 2 F 2 1 10 20
W 30 F 30 1 10 20
R 94 F 94 1 10 20
W 24 F 24 1 10 20
R 22 F 22 1 10 20
R 39 F 39 1 10 20
R 17 F 17 1 10 20
R 3 F 3 1 10 20
R 51 F 51 1 10 20
R 68 F 68 1 10 20
R 74 F 74 1 10 20
R 14 F 14 1 10 20
R 23 F 23 1 10 20
W 23 F 23 1 10 20
R 16 H -1 1 0 0
R 7 H -1 1 0 0
R 31 F 31 1 10 20
R 32 H -1 1 0 0
W 47 F 47 1 10 20
R 81 F 81 1 10 20
R 30 F 30 1 10 20
R 31 F 31 1 10 20
R 77 F 77 1 10 20
R 37 F 37 1 10 20
R 56 F 56 1 10 20
R 47 H -1 1 0 0
R 57 H -1 1 0 0
R 34 F 34 1 10 20
R 20 F 20 1 10 20
W 19 F 19 1 10 20
R 20 F 20 1 10 20
R 16 H -1 1 0 0
R 80 F 80 1 10 20
R 67 F 67 1 10 20
R 56 F 56 1 10 20
R 3 F 3 1 10 20
R 8 F 8 1 10 20
R 73 F 73 1 10 20
R 21 H -1 1 0 0
R 52 F 52 1 10 20
W 58 F 58 1 10 20
W 62 F 62 1 10 20
W 40 F 40 1 10 20
R 3 F 3 1 10 20
R 22 F 22 1 10 20
W 75 F 75 1 10 20
R 77 F 77 1 10 20
W 30 F 30 1 10 20
R 41 F 41 1 10 20
R 46 F 46 1 10 20
R 63 F 63 1 10 20
R 50 F 50 1 10 20
R 37 F 37 1 10 20
R 2 F 2 1 10 20
R 9 F 9 1 10 20
R 48 F 48 1 10 20
R 30 H -1 1 0 0
W 84 F 84 1 10 20
R 14 F 14 1 10 20
R 80 F 80 1 10 20
R 12 F 12 1 10 20
R 36 F 36 1 10 20
R 34 F 34 1 10 20
R 35 F 35 1 10 20
R 54 F 54 1 10 20
R 21 F 21 1 10 20
R 29 F 29 1 10 20
R 78 F 78 1 10 20
R 99 F 99 1 10 20
R 89 F 89 1 10 20
R 51 F 51 1 10 20
R 83 F 83 1 10 20
R 78 F 78 1 10 20
R 88 F 88 1 10 20
R 56 F 56 1 10 20
R 15 F 15 1 10 20
R 24 F 24 1 10 20
R 26 F 26 1 10 20
R 59 F 59 1 10 20
W 83 F 83 1 10 20
R 67 F 67 1 10 20
R 30 H -1 1 0 0
R 18 H -1 1 0 0
R 20 F 20 1 10 20
R 19 F 19 1 10 20
R 9 F 9 1 10 20
R 28 F 28 1 10 20
W 32 H -1 1 0 0
R 21 F 21 1 10 20
R 91 F 91 1 10 20
R 41 F 41 1 10 20
W 15 F 15 1 10 20
R 69 F 69 1 10 20
R 38 F 38 1 10 20
R 22 F 22 1 10 20
W 36 F 36 1 10 20
R 49 F 49 1 10 20
W 27 H -1 1 0 0
R 6 F 6 1 10 20
R 48 F 48 1 10 20
W 20 F 20 1 10 20
R 65 F 65 1 10 20
R 54 F 54 1 10 20
R 9 F 9 1 10 20
R 55 F 55 1 10 20
W 4 F 4 1 10 20
R 41 F 41 1 10 20
R 8 F 8 1 10 20
R 15 F 15 1 10 20
R 52 F 52 1 10 20
R 15 H -1 1 0 0
R 6 F 6 1 10 20
R 25 F 25 1 10 20
R 29 F 29 1 10 20
R 9 F 9 1 10 20
W 12 F 12 1 10 20
R 11 F 11 1 10 20
R 18 H -1 1 0 0
R 23 F 23 1 10 20
R 18 H -1 1 0 0
W 26 F 26 1 10 20
W 14 F 14 1 10 20
R 11 F 11 1 10 20
W 46 F 46 1 10 20
W 31 F 31 1 10 20
R 74 F 74 1 10 20
R 25 F 25 1 10 20
R 50 F 50 1 10 20
W 45 F 45 1 10 20
R 25 F 25 1 10 20
R 18 H -1 1 0 0
R 48 F 48 1 10 20
R 40 F 40 1 10 20
R 43 H -1 1 0 0
R 53 F 53 1 10 20
R 17 F 17 1 10 20
W 69 F 69 1 10 20
R 21 F 21 1 10 20
R 3 F 3 1 10 20
R 60 H -1 1 0 0
W 43 H -1 1 0 0
R 72 H -1 1 0 0
R 9 F 9 1 10 20
R 12 F 12 1 10 20
W 14 F 14 1 10 20
W 70 F 70 1 10 20
R 11 F 11 1 10 20
R 56 F 56 1 10 20
R 6 F 6 1 10 20
R 21 F 21 1 10 20
R 0 H -1 1 0 0
R 54 F 54 1 10 20
R 43 H -1 1 0 0
R 10 F 10 1 10 20
W 10 H -1 1 0 0
R 3 F 3 1 10 20
R 49 F 49 1 10 20
R 58 F 58 1 10 20
W 14 H -1 1 0 0
R 29 F 29 1 10 20
R 13 F 13 1 10 20
R 29 F 29 1 10 20
R 19 F 19 1 10 20
R 17 F 17 1 10 20
R 32 H -1 1 0 0
R 7 F 7 1 10 20
R 45 H -1 1 0 0
W 29 F 29 1 10 20
R 25 F 25 1 10 20
R 71 F 71 1 10 20
R 17 F 17 1 10 20
R 4 F 4 1 10 20
R 18 H -1 1 0 0
R 56 F 56 1 10 20
R 14 H -1 1 0 0
R 25 F 25 1 10 20
W 64 F 64 1 10 20
R 2 F 2 1 10 20
R 5 F 5 1 10 20
W 67 F 67 1 10 20
R 19 F 19 1 10 20
W 8 F 8 1 10 20
W 7 F 7 1 10 20
R 12 F 12 1 10 20
R 8 H -1 1 0 0
R 20 F 20 1 10 20
R 81 F 81 1 10 20
R 71 F 71 1 10 20
R 16 H -1 1 0 0
R 28 F 28 1 10 20
R 87 H -1 1 0 0
R 17 F 17 1 10 20
W 36 F 36 1 10 20
R 7 F 7 1 10 20
R 22 F 22 1 10 20
R 44 F 44 1 10 20
R 59 F 59 1 10 20
R 24 F 24 1 10 20
R 14 F 14 1 10 20
R 8 H -1 1 0 0
W 6 F 6 1 10 20
R 4 F 4 1 10 20
R 11 F 11 1 10 20
R 22 F 22 1 10 20
W 26 F 26 1 10 20
W 46 F 46 1 10 20
R 61 F 61 1 10 20
R 4 F 4 1 10 20
R 19 F 19 1 10 20
W 38 F 38 1 10 20
R 73 F 73 1 10 20
R 3 F 3 1 10 20
W 38 H -1 1 0 0
W 57 H -1 1 0 0
R 9 F 9 1 10 20
R 16 H -1 1 0 0
R 44 F 44 1 10 20
R 4 F 4 1 10 20
R 6 H -1 1 0 0
W 37 F 37 1 10 20
R 23 F 23 1 10 20
R 44 F 44 1 10 20
R 11 F 11 1 10 20
R 3 F 3 1 10 20
W 42 F 42 1 10 20
W 13 F 13 1 10 20
R 57 H -1 1 0 0
R 62 F 62 1 10 20
R 0 H -1 1 0 0
W 36 H -1 1 0 0
W 15 F 15 1 10 20
W 7 F 7 1 10 20
R 68 F 68 1 10 20
W 19 F 19 1 10 20
R 1 F 1 1 10 20
R 53 F 53 1 10 20
W 47 F 47 1 10 20
W 22 F 22 1 10 20
R 7 H -1 1 0 0
R 26 H -1 1 0 0
R 37 F 37 1 10 20
W 55 F 55 1 10 20
R 23 F 23 1 10 20
R 50 F 50 1 10 20
R 1 F 1 1 10 20
W 2 F 2 1 10 20
R 42 H -1 1 0 0
R 42 H -1 1 0 0
R 35 F 35 1 10 20
R 31 F 31 1 10 20
R 5 F 5 1 10 20
R 13 F 13 1 10 20
W 4 F 4 1 10 20
R 90 F 90 1 10 20
W 1 F 1 1 10 20
R 79 F 79 1 10 20
R 15 H -1 1 0 0
W 42 H -1 1 0 0
R 42 H -1 1 0 0
R 35 F 35 1 10 20
R 28 F 28 1 10 20
W 17 F 17 1 10 20
R 2 H -1 1 0 0
R 39 F 39 1 10 20
R 45 F 45 1 10 20
R 37 F 37 1 10 20
R 49 F 49 1 10 20
R 79 F 79 1 10 20
R 12 F 12 1 10 20
R 1 H -1 1 0 0
R 47 F 47 1 10 20
W 29 F 29 1 10 20
R 11 F 11 1 10 20
R 93 F 93 1 10 20
R 58 F 58 1 10 20
R 70 F 70 1 10 20
R 34 F 34 1 10 20
R 39 F 39 1 10 20
R 33 F 33 1 10 20
R 45 F 45 1 10 20
R 89 F 89 1 10 20
W 15 H -1 1 0 0
W 0 H -1 1 0 0
R 12 F 12 1 10 20
W 50 F 50 1 10 20
R 10 F 10 1 10 20
W 10 H -1 1 0 0
R 55 F 55 1 10 20
R 1 H -1 1 0 0
R 13 F 13 1 10 20
R 28 F 28 1 10 20
R 48 F 48 1 10 20
R 15 H -1 1 0 0
R 49 F 49 1 10 20
R 1 H -1 1 0 0
R 96 F 96 1 10 20
R 5 F 5 1 10 20
R 52 F 52 1 10 20
R 8 F 8 1 10 20
R 8 H -1 1 0 0
R 69 F 69 1 10 20
R 28 F 28 1 10 20
W 47 F 47 1 10 20
R 74 F 74 1 10 20
R 45 F 45 1 10 20
R 50 H -1 1 0 0
R 21 F 21 1 10 20
R 5 F 5 1 10 20
R 27 H -1 1 0 0
R 8 F 8 1 10 20
R 13 F 13 1 10 20
W 55 F 55 1 10 20
W 77 F 77 1 10 20
R 49 F 49 1 10 20
R 6 F 6 1 10 20
W 76 F 76 1 10 20
R 95 F 95 1 10 20
R 39 F 39 1 10 20
W 38 F 38 1 10 20
R 60 H -1 1 0 0
R 38 H -1 1 0 0
R 53 F 53 1 10 20
R 54 F 54 1 10 20
R 58 F 58 1 10 20
R 25 F 25 1 10 20
R 21 F 21 1 10 20
R 9 F 9 1 10 20
W 9 F 9 1 10 20
R 67 F 67 1 10 20
R 85 F 85 1 10 20
W 18 H -1 1 0 0
R 40 F 40 1 10 20
W 33 F 33 1 10 20
R 46 F 46 1 10 20
R 1 F 1 1 10 20
R 27 H -1 1 0 0
R 11 F 11 1 10 20
R 13 F 13 1 10 20
R 3 F 3 1 10 20
R 10 F 10 1 10 20
R 30 F 30 1 10 20
R 54 F 54 1 10 20
W 6 F 6 1 10 20
R 29 F 29 1 10 20
R 24 F 24 1 10 20
R 46 F 46 1 10 20
R 19 H -1 1 0 0
R 33 H -1 1 0 0
W 39 F 39 1 10 20
R 31 F 31 1 10 20
R 82 H -1 1 0 0
W 5 F 5 1 10 20
R 63 F 63 1 10 20
R 53 F 53 1 10 20
R 25 F 25 1 10 20
R 52 F 52 1 10 20
R 35 F 35 1 10 20
R 70 F 70 1 10 20
R 10 F 10 1 10 20
R 23 F 23 1 10 20
R 17 F 17 1 10 20
W 13 F 13 1 10 20
W 28 F 28 1 10 20
R 5 H -1 1 0 0
R 27 H -1 1 0 0
R 4 F 4 1 10 20
R 1 F 1 1 10 20
R 40 F 40 1 10 20
